8076
9975
1018
5284
1304
4976
8190
9360
911
9116
3488
6820
3152
7044
7388
723
7063
1873
6047
814
1950
7511
6745
6398
7072
1162
6248
9832
4296
1357
2019
3182
2491
7032
1003
4172
4457
1926
149
1216
7235
6817
4104
9946
6362
8060
4668
9142
4389
2869
4425
6183
7947
7300
2978
1857
9498
3961
736
1590
1051
2200
6113
9915
2560
6809
1833
7085
8299
8160
8861
6440
5840
9714
5959
5273
2537
9434
6506
3072
6319
8661
9943
815
6007
3195
2290
313
6369
862
4704
8793
209
464
5311
4126
1110
7455
2703
8546
7865
858
1174
7058
6795
935
8838
9678
1202
770
6574
7849
6940
9251
3029
8708
2632
2986
7603
2238
608
1679
9081
7356
2914
9068
5474
2908
7106
2893
9711
5741
9718
2654
7402
6793
7539
7824
1466
4998
6926
8682
4173
1959
5476
8642
7319
5908
1720
9324
8935
490
711
5259
3373
8606
3269
463
551
3957
3941
6129
7258
7114
1855
4846
8400
9668
3308
1460
2921
8030
9727
8112
2987
2439
8318
8532
1305
1084
7483
9155
5280
2486
9729
1409
1947
3061
9006
4487
518
2677
9362
960
4286
4592
7303
8005
649
4764
1583
8271
8880
5026
9483
7958
660
6853
2363
4777
3516
7623
941
5524
5556
3364
3647
2495
2557
593
5394
3456
5985
1888
7884
2194
3474
1126
1839
7473
7792
8825
4269
9574
6623
8933
5016
4761
587
4277
6322
6930
8066
9698
8726
4705
2131
6875
4660
7720
6937
3228
879
2990
581
8631
1047
6617
878
4465
4972
1099
9982
7459
8218
9681
9792
6561
638
6242
4152
4034
3653
6414
2377
4945
8439
9492
8100
693
6546
163
9453
1096
5022
3078
6093
5577
3432
985
386
914
6156
4911
4939
8796
9338
4367
9508
4394
481
9369
1373
7357
8418
7864
1819
5250
1146
9614
864
7026
7083
1401
77
9298
2448
190
2410
1470
9035
8247
3569
9264
8252
9254
7378
236
5776
235
4535
4912
4547
4963
7558
9168
4682
503
4413
3909
4736
1945
3719
3867
6792
8020
8917
9319
9341
3705
6152
2059
2740
2559
7477
2343
3218
2085
8572
602
9967
1894
7752
9163
6855
3144
6348
2028
9673
1116
267
8657
9231
5658
6435
876
1024
996
7680
5845
8915
1993
9764
8061
5765
1812
3048
3030
3548
1118
1678
2118
1913
8808
6264
7788
5657
7833
3831
2984
4817
2361
6895
9032
5691
455
9734
8462
9239
5777
4872
4678
4824
7525
4220
294
7870
4530
8770
5941
8780
7528
5
8824
8973
5732
4190
1321
5902
6457
6493
2472
3627
213
2254
4599
5487
4010
973
502
4386
3087
4731
2031
2820
3588
4458
5979
8463
3832
8036
7492
4657
9635
6308
9318
8243
4422
559
8140
1452
1263
9843
2162
4877
319
9586
8411
4512
3425
7610
9083
1827
8142
8859
9344
3579
4048
1456
9123
843
8370
7501
5625
1429
1566
9431
4451
4732
6335
751
5298
1214
4659
5917
3015
6010
6824
1150
4759
4466
3238
4284
9870
9556
7743
4760
9105
3919
5490
863
5503
8235
106
5773
6812
7722
2136
4984
5930
9646
9222
3401
7738
4723
9777
6707
603
9931
1984
1128
3334
4745
4571
4887
9493
2406
4697
342
2414
6686
339
6266
8049
3700
9788
8043
4680
9937
6025
9820
9684
6907
4825
6999
7644
8946
7363
3805
9003
4233
232
958
9548
3734
2671
8414
5189
7657
4081
1363
2903
3315
1201
7943
5522
8991
2433
3180
3986
1191
6066
21
2693
5111
9184
82
636
701
8646
3525
5891
1063
1846
5083
118
5007
8291
2051
7873
5012
6049
640
7618
4991
1468
8223
6609
7415
613
2021
5242
9970
5664
3741
5045
4755
364
2289
6646
9534
9353
9089
3348
4320
7649
7901
7700
3618
6517
7656
1769
9855
8319
3202
8961
6214
3170
3478
4931
2942
2216
1299
5300
9288
9598
6624
373
5568
5793
4768
8841
1821
1025
7814
5145
6946
4197
5336
5118
1101
1810
2639
4994
655
4561
1361
7097
936
9909
7584
5609
1076
1177
7429
9343
9331
4774
1232
8461
718
905
1658
5485
292
3008
1179
508
4652
716
7214
1829
2763
3025
2870
6064
145
4122
8810
540
6669
1521
4578
6444
8907
988
1570
9703
1009
268
8543
7049
5653
4960
7159
7642
1176
2170
6711
9801
7448
2884
4783
4186
5600
9760
3058
5072
2981
4782
2068
5347
6018
5398
74
5946
1094
1144
607
1940
1344
397
4594
4025
5814
2993
293
9040
5778
7146
8733
620
1309
1016
8045
2595
2129
8264
771
9952
9924
4463
7829
3353
6004
6660
1893
5932
5425
9992
2237
1218
9560
4117
1431
8346
6905
3289
4199
5955
1948
5602
677
9850
3592
1649
3041
4295
890
9153
400
4418
4230
576
3607
9436
6571
5799
1142
1371
6073
1388
9535
8731
8151
7998
9293
7079
505
6736
5947
7367
5724
2193
4521
7959
5260
2044
7544
7400
4426
512
4375
8409
1884
8206
3661
9021
7799
2540
2830
284
3278
6692
9963
2948
6031
9789
5161
9966
3282
6249
5388
2452
766
6685
7976
3429
9557
141
3781
3461
2888
4044
2901
7304
8860
4399
6089
3440
8816
8967
9601
2662
6775
9403
9315
6198
6125
2946
4769
8025
7891
5249
6204
3394
5564
2401
7674
1479
7361
119
3964
9524
2932
948
5238
8110
9206
8078
7305
6967
4488
6240
6580
9827
3622
2645
9553
7170
2210
6953
6276
4826
6323
7806
98
9860
4236
4847
6991
9532
6995
6973
6239
1141
6105
8251
6708
4250
9247
1851
9102
4410
6168
2120
7015
6182
6333
9643
2738
127
7482
3877
585
730
1779
7594
4267
4335
2806
8331
3064
8685
6278
8074
157
289
8614
7866
7606
9007
8893
2636
3281
2333
7360
3251
3136
9411
8022
5094
5140
2776
3581
5372
4509
8182
7928
6062
9169
5574
7510
832
1227
3690
2213
1911
3452
2583
2178
6680
7261
6693
7777
3444
3711
9381
331
6310
7166
6393
4013
9589
1180
3190
6766
2811
1343
6528
6865
8285
6406
4884
4383
4580
6533
3198
7029
4840
3915
4429
4469
4174
2065
9833
3775
2642
1046
2785
4100
7861
5530
531
6051
6467
1886
3080
3237
8104
5853
9468
462
3246
3755
8472
8686
1749
4538
564
4865
1121
1132
9037
6772
3261
5075
3596
9633
8740
5723
2704
3728
9973
1251
1908
2829
5430
432
7661
2206
8556
8800
3966
2623
8260
2312
4569
7836
5906
433
4187
2301
6483
5969
9891
4799
6012
8982
8511
2696
6441
7204
1695
1359
416
3347
8116
5214
1104
4155
7293
1514
8240
1127
4698
4813
8597
1830
5190
912
7960
4545
4556
4393
1659
5697
211
1579
7239
2552
6698
4834
4378
9804
5473
3916
1648
8101
2437
7007
7428
5078
5690
1616
6202
2227
192
3448
6189
9549
6537
2951
7416
5821
6102
5286
3782
1419
4348
5109
9749
3235
5175
9538
4384
5895
2480
2092
8062
1593
8029
1198
2667
5963
6389
206
3123
4400
3887
5297
9505
4222
4102
4611
2712
6250
9500
110
7449
8248
1278
3196
8415
1820
7005
5136
158
2378
3995
2741
9012
3896
4707
2434
6564
5789
9071
2877
6482
358
9088
1477
8164
4040
1269
7011
95
1730
7439
298
9677
9053
4447
1555
4832
5335
2953
6893
9043
7120
5993
1338
160
1689
9358
3644
4937
5141
3346
2388
2083
4395
7880
4791
9470
9172
842
3978
8458
882
4641
7017
8832
3253
6628
5002
3101
7906
120
6104
5592
2532
1518
9527
4539
8213
3630
354
3586
2520
6908
8697
7243
532
1932
1533
5441
9509
3171
2598
9685
2761
1624
4648
9010
6353
9459
5892
2239
1405
1653
5877
5828
3075
2707
2517
7236
2191
5373
6975
5222
3154
8027
6638
950
7345
8161
9610
2762
9096
5769
1748
4542
3175
7266
5258
2842
5629
4008
3641
1861
3929
2255
9437
1402
9476
8290
8584
8429
6473
7690
9000
7341
2940
600
570
4192
8358
6083
5737
9042
1262
2766
6613
3556
474
5796
1083
6651
1173
5501
592
7248
2955
4374
8245
1078
5836
1337
6215
8803
654
9892
5195
5841
4557
8373
3019
1532
3842
2735
7729
5739
2845
1155
7014
7334
2678
1547
1412
752
111
4511
1381
8280
9449
1287
3911
1438
2828
9200
3958
4095
7754
6912
8877
4238
6058
7695
6856
6872
8695
5321
9121
552
5504
2212
5707
897
7578
3851
8691
1436
6430
1245
9572
5240
4971
7353
9752
6175
6965
413
4260
9177
3035
3533
5377
507
6731
6941
2412
1507
7432
9515
6354
377
1517
6645
7907
3325
6932
7604
3471
2352
1236
8951
5107
1809
8549
6157
7260
8353
8480
3459
6273
1840
1837
6495
7100
84
8600
7676
8571
6997
476
2687
8432
7821
5348
924
6077
1366
2794
9237
5416
688
1865
5362
216
9075
7563
9689
3752
5182
1887
2323
2716
4136
2476
9465
2853
152
2810
4002
6821
6984
9310
17
2764
1508
2467
1312
4009
867
4946
9733
5914
4223
3904
4039
7109
2567
7313
8676
501
6519
8892
5054
2855
2246
2214
1801
9770
244
2492
8441
3277
4742
7348
6796
947
8269
5467
8772
2841
4347
8826
4344
516
1290
3359
4873
8059
8758
7878
8495
2174
9119
743
7136
4689
9192
5452
9630
3142
6365
210
5130
2220
19
2261
8952
7887
9709
8864
4021
4246
3052
5924
5268
1999
493
7237
8279
1267
3679
2052
8044
8385
2242
8687
3133
2507
5053
355
4064
5950
4274
829
9893
5835
5208
5184
7312
1434
2867
3126
7099
3638
135
3127
5194
4165
4718
5274
4350
2189
3546
3602
7740
262
5241
8444
1334
2611
7797
5267
6015
5761
9666
1558
2751
4828
4430
1342
2737
1587
9597
2453
7154
5878
8157
6269
5833
9332
6947
7997
3991
1962
1379
79
8329
5292
8845
6057
9490
5805
8906
1423
4072
7537
7447
3013
945
8986
1585
2862
4327
4
5057
2523
7971
7725
1699
2629
2847
6391
4163
5253
8493
7778
5150
1797
2106
4239
1588
7155
1087
504
411
2718
970
6251
5216
7309
8873
3913
546
4205
6349
2485
8492
5081
8863
805
6759
2209
2134
8633
8364
134
907
5470
2364
4995
8258
6879
9160
1516
7409
6445
193
1643
4129
3880
4031
5191
3179
3053
2357
2506
8847
7284
9147
5023
836
510
8771
8755
3023
590
9467
7479
6976
6316
7427
8529
7677
5907
2207
8700
7847
931
3369
9908
1910
6664
2043
9745
8172
5558
5699
7043
5678
2650
5422
1764
1486
8843
5302
7551
1667
9269
5675
6559
6652
8141
3819
8516
7669
6447
2017
2917
8750
953
6849
7939
7488
645
9903
2111
5557
6381
5149
8347
9708
6570
7626
1937
3472
1520
2681
2267
8082
456
5481
3234
3093
8626
977
5881
9456
5721
3841
5822
2327
4420
6650
9704
9190
5807
1602
7970
6458
8224
85
408
7704
2337
4781
6224
9410
6337
6974
6407
1509
2736
4340
6678
4268
8647
3876
5700
3430
6890
6716
6228
4588
1015
4276
5434
3554
4886
3356
154
2119
9720
9768
825
4909
6399
9179
521
315
5338
1567
6000
1973
7706
8150
7985
724
9008
448
2956
2945
6916
7781
2652
9087
2345
3335
9545
7572
1716
9426
6587
647
1981
3503
1206
8575
1494
9407
5475
575
682
9664
2715
5410
2916
6448
3629
8828
4643
6782
5173
9133
1102
4537
8578
1175
9742
8450
8881
3784
5565
860
3115
3242
4851
6508
4078
776
8241
9028
951
5056
1665
9660
9368
7609
2285
5325
2569
2599
4020
8879
4567
7056
4770
3508
6694
9786
9135
3340
4456
8715
2436
4086
1352
4227
3980
6480
5030
1519
8805
6549
9887
2159
3350
558
5637
1883
6755
2042
2117
4356
8752
1619
1746
1346
3673
5200
954
4754
3772
5978
1212
3395
658
833
401
1637
6633
5710
3020
5800
3392
6640
2779
1075
5612
1187
2934
8538
7013
4215
2346
4135
9845
1279
5994
8639
6386
6306
4836
4358
9435
4167
2923
1773
8732
6153
9637
3424
378
809
2957
8865
6055
9926
9603
1996
9907
9622
793
2389
9596
987
2056
240
8953
8987
9821
8215
4241
3166
1754
1920
8792
5043
2066
6589
8618
9106
8743
4385
6681
2058
2663
4941
1140
4415
8374
9564
3856
8482
6462
7601
7504
4221
1044
917
2895
5885
4142
7340
47
4776
3648
755
7908
4300
7701
9330
5561
6326
9581
6781
3686
8813
2904
7163
7153
1901
2320
7741
7349
2232
5417
774
2878
9930
3331
7276
137
7389
6956
7355
957
5680
6134
4391
8274
1453
2087
8137
4229
5771
9894
4584
3089
6803
6418
4493
1033
9715
3795
7868
3931
5956
4667
5980
7512
6281
2008
1856
8718
4923
7518
6054
6155
5695
9167
8202
7254
4346
8143
3114
8328
2198
8188
3989
1753
7423
6367
8972
2774
6173
889
6027
8655
5760
3810
8970
5179
4154
8306
4856
3216
5117
310
7513
2697
563
3662
3086
7092
9938
2512
9257
9260
9796
7251
6510
6674
1480
165
6981
6048
1651
3973
8922
9364
5108
9245
8354
2190
9542
9405
5346
7184
6530
1437
5770
4180
1350
3597
4715
2147
9604
8047
1204
7406
9235
7946
3744
7102
457
9499
6831
4182
9927
2082
8698
5121
2894
5687
8128
7144
9803
7613
9841
1885
3790
1897
9593
4271
5862
7940
7329
6127
7713
6193
4905
7253
2394
3500
952
8701
1869
1859
9868
3549
969
2734
5857
3203
9076
1133
3821
5780
4038
1008
3501
1023
7582
6732
6099
4944
3968
2282
916
7495
31
3598
1113
6372
6727
4000
4133
7424
6119
8644
6425
2407
9165
100
3677
629
8162
8236
28
539
2234
9189
1394
8000
6468
4143
3804
3758
5318
9462
5782
822
631
6301
9669
252
8015
5225
2907
5538
7342
4449
5575
3550
4806
9707
4997
3532
5327
990
6597
3412
8564
6828
488
2602
4293
2036
1052
7575
2675
5714
1399
3494
471
7790
4398
7082
3561
5647
4501
1225
8775
4328
6904
1041
1630
7783
8003
144
8033
9969
2952
9486
4632
7673
9333
5343
8452
1967
5960
1441
8496
5608
8392
3324
2637
1358
475
7047
6722
2982
3169
737
9255
4080
2515
2310
468
9013
1254
6285
2547
549
8327
1056
7351
1933
8706
1505
7559
3042
3062
6601
2949
4985
7744
3399
8203
5641
2643
9300
1276
6738
2302
2365
6874
9897
3445
1448
9128
1788
4341
2171
9356
5420
9152
3590
9066
5062
7877
7533
5279
6841
126
9579
9487
9808
7949
8478
281
2149
4896
3724
8819
8852
4871
7115
7110
4441
2634
9793
3996
4914
2594
661
3924
5272
9397
390
2101
785
7787
363
7384
3513
3959
6437
2306
4480
3740
2549
8594
303
1203
789
8179
9951
8476
5669
3563
2076
9423
6203
8914
2676
5631
2680
6489
7965
5626
8337
2881
3815
2625
9416
2941
5310
1698
4332
568
3687
3798
641
5797
6420
1543
9059
4434
6942
1917
8067
5290
6438
4061
426
1862
4808
7600
5722
4793
4838
1582
7944
2330
5210
2304
1625
1777
7037
7130
5886
2563
9520
4796
7651
615
741
886
5916
6336
7077
4639
3632
5990
8948
5443
7522
9888
5874
1598
2505
4616
1153
3937
7699
5583
1108
3342
8230
3338
8009
4920
5549
6331
7441
8249
3737
4382
8133
2360
2976
9806
9069
6844
765
6641
6836
1310
2402
2889
3822
854
1750
9214
375
9872
1424
9141
6518
3223
2522
9934
8056
8465
1848
8855
6760
58
9029
97
4677
4439
9884
8342
4634
9355
3040
9402
7410
1400
2576
5265
6557
407
259
7113
8167
6807
8459
6591
3855
1311
6013
7742
7650
3954
782
5682
7992
4472
8089
7379
6925
1687
5288
2034
984
2807
6544
3210
7602
817
5736
2690
3487
4631
362
2012
560
6307
2046
8791
8124
6511
2353
999
4427
1591
8134
6412
3946
5306
8696
2649
5458
9748
8900
3606
4032
8871
8753
1866
6741
7614
7634
1415
2553
8175
3934
9347
9290
8105
8286
8533
8757
8934
1890
3865
5482
1145
5160
2224
23
3889
9429
5024
877
5597
8870
3844
6702
8487
9980
8232
3960
7756
1143
6262
3699
6806
3574
9361
7782
409
942
1384
8250
3367
4522
3303
2792
7231
73
5132
1178
3009
2977
6902
4621
8113
4132
1395
35
2832
5423
8720
2809
1280
685
8393
6219
4189
9357
5792
4601
7763
2355
3224
8763
2040
7938
5514
6491
3770
6200
5371
5459
8651
6710
1838
2692
6791
2860
748
8565
8201
7373
3060
2892
5040
4453
9510
2271
6475
6689
4901
7983
2369
9320
487
6936
1503
6656
4792
3974
8088
4464
5307
5402
3545
8581
5159
1991
681
7506
3780
7818
796
4811
2528
5074
4662
3897
9240
4471
6042
4786
9244
790
761
6485
6410
4966
3002
6030
3818
5749
7212
3003
3691
4949
6115
2373
9962
1385
4740
1345
4485
767
8016
8672
5635
7915
8648
9412
5567
6799
7412
679
955
4169
1211
3591
5014
1972
9424
6918
6097
6813
5788
2348
199
5957
1924
6545
8969
4989
8026
7471
7125
125
6432
6243
2874
5615
5911
3293
1524
8129
4339
3252
4179
7711
9739
3007
7688
175
7990
5654
3760
1526
9864
8619
5935
1407
5794
8944
6409
4237
6210
7980
3642
8876
3923
2564
5031
2731
9065
7084
1100
2127
2020
6056
2542
3377
9791
9478
6954
360
1274
3287
8159
7535
4785
3418
7839
2545
7668
1929
8569
6555
676
2259
4164
3332
6584
6573
4473
4548
3322
65
2003
8410
3107
173
3391
6050
7766
7226
1850
9816
8398
7574
7876
8854
2166
8356
1680
1205
7187
6832
2275
9301
3137
7087
1572
642
721
6870
153
8253
2561
5746
2619
3676
637
846
8097
2247
6169
967
3225
2063
2441
9138
6814
8504
4564
6454
8833
3983
1348
6072
7057
5220
4863
5758
1433
9082
3970
4992
2303
2274
2614
1074
3509
9489
3654
2113
1243
5802
3290
256
7665
443
9974
8438
1983
8301
9126
1501
288
6957
7280
1396
4442
8963
6411
3950
2422
5413
263
5483
7358
5393
8485
4459
2230
5207
875
8380
1677
2624
8929
8981
3738
4686
6896
7785
7930
5889
7164
6282
1004
2996
9226
1650
2249
4282
3521
5829
1061
5454
4050
2105
3685
5572
9953
8455
8204
9125
6334
6671
9696
8484
5128
8869
2195
6594
1970
5604
694
6846
2340
5949
4852
3912
6135
5432
3820
393
6788
582
8123
4475
9854
5766
4193
3298
8211
903
2010
1378
3130
9474
3385
9956
318
2620
831
8498
4438
368
1362
4633
6750
6074
5248
347
4210
9740
8781
8208
5850
2358
6520
7734
8976
9234
9795
2627
7972
54
3988
2906
9174
7320
8268
1549
6368
8724
5520
3189
1458
8004
9869
6291
3285
4428
2511
1664
8567
4283
5500
6283
1390
2876
7565
2815
5767
4907
3479
6095
9702
6607
5753
6996
9890
9084
2980
6140
7745
8396
6427
9645
9554
8714
7627
9511
1081
7830
4822
1339
8921
5827
8831
9686
124
2631
9954
6366
3939
4922
4101
4499
8524
6915
1731
439
8437
7487
6300
5400
7692
317
1515
5497
6133
8344
90
7417
1580
9380
1138
4702
5370
669
5008
7562
9109
2910
6612
3634
480
3024
8643
3785
8390
2674
3326
537
6356
101
6899
1135
1938
6885
5461
4579
9838
6631
9312
2819
8968
2359
4889
4981
2880
2519
2837
7240
7996
1291
5810
4649
5468
1747
2192
2061
9972
8936
2331
1045
6616
5103
2411
7338
2608
4497
8263
9754
8073
8225
6611
9628
9328
3515
5477
6416
7527
2481
8451
3773
2726
6653
4959
4007
81
4581
3120
2073
291
6206
2933
8426
6351
754
2415
6330
6181
1134
9201
3221
2318
2500
5811
5386
8823
671
6563
5122
9759
5233
3933
2204
2836
6339
3763
11
1
5411
3469
6404
1086
46
4372
2965
2100
586
5927
1899
3547
4467
9813
8722
6735
4255
3464
3393
449
2088
6358
1264
218
113
7922
9387
1293
523
6673
8136
3681
4407
5472
7042
9395
3527
2964
2898
6917
7191
5579
1811
6626
1816
4468
1806
7875
9390
5185
8176
9085
7538
494
2351
8570
4749
4099
6532
8705
7370
6142
6699
1302
8734
7234
3217
1706
5552
1259
4942
4593
5203
2871
8990
1692
1136
7194
8077
2157
8950
3499
9297
6774
4015
5390
7643
6233
9114
4127
3256
8966
1867
5245
3564
1484
9392
2079
4728
3731
9659
9258
1427
3163
7027
861
8189
164
4563
5213
6114
3067
5823
1946
7902
9935
7755
8184
9865
8820
1597
269
3370
2975
5270
6712
1369
8613
9550
5082
802
9430
9743
3014
5046
3628
1240
7637
891
2554
5438
3868
1444
1270
8658
3891
3414
9694
1073
8889
813
7848
9322
3526
1531
6903
1895
69
3187
5101
1062
9306
9447
431
768
9471
6740
2541
1595
8514
8799
5376
6823
4116
2989
3558
266
2786
3384
2478
3244
7846
2490
2950
9513
391
9365
4139
5349
5456
6117
4030
5033
7147
734
3714
5399
1537
5181
1768
5092
3971
4638
1318
3266
4105
1327
8683
1418
4892
9210
8760
7122
3633
1647
6668
3433
9422
1330
5868
2188
7719
9208
5582
6313
6147
4908
5817
2683
5097
8063
51
5516
8883
9161
7317
4093
1032
3794
2729
4125
4751
1761
2529
4324
8300
8324
1686
5593
4720
5996
70
2483
8608
2396
6394
7310
5962
5929
7140
2717
8894
1673
3987
5540
8746
5529
9265
5148
5988
8773
6471
5305
1702
6523
1349
3044
5801
3243
7684
241
6921
8955
9178
9463
8924
5077
1971
3956
6079
1257
9099
9543
2911
3386
3890
2780
8662
8886
838
3854
5341
1713
1471
1804
5360
7151
8707
5548
6107
7560
2469
3568
3718
6321
4934
7198
9697
5989
1131
1742
5848
6627
849
3565
5337
2231
3637
327
4353
8610
3191
1528
5133
9421
1791
4875
6779
8338
7672
3165
2799
5177
5617
5584
3380
3039
4880
2767
2077
6503
4217
4572
5546
5566
7659
2742
8226
1724
404
4552
3809
2139
684
1210
5131
2371
7469
297
8294
6509
9482
147
1841
9609
7857
5001
2179
6143
1360
5396
8818
5672
4721
7630
6560
9334
3406
3263
7183
2124
4627
2669
8547
1425
4023
389
4859
7328
7660
7751
6036
8777
3337
5554
1995
8744
3416
1955
6023
1877
4622
5152
4737
7354
4655
3410
4515
3467
3043
6328
5649
4673
8222
5755
7815
1169
4894
6826
337
2305
8227
5451
6504
9026
652
9775
3853
64
2744
8837
3608
8502
7925
1881
2543
6697
8155
1852
8728
6068
7219
3709
4046
7002
4695
6222
3475
350
7436
1461
8053
3739
6794
1762
9945
2438
4243
4598
7541
756
3835
9755
7223
1872
1900
8065
8008
1875
8350
1164
7422
2833
5143
8428
8012
3397
646
7747
3611
6279
329
1964
3028
8355
3675
29
3502
8550
714
1990
1612
3496
6867
7635
2400
3993
2326
9446
9958
7841
4906
2349
6078
7904
7664
2286
7629
4076
2793
7192
336
2891
1446
2722
898
7352
6100
9229
2005
2702
4597
2585
4575
7645
478
3375
8046
3344
940
3535
7062
3490
7443
5527
359
9877
1325
103
6191
2831
8673
1506
1656
6128
2090
3635
4047
6531
9417
2463
5281
2502
991
6718
356
7075
7091
201
1775
1822
9787
5537
1611
7771
5872
5407
7896
8087
4891
6840
4029
3720
3286
8470
921
2825
4242
9726
7316
7172
4109
9658
968
1252
1426
8246
6151
4753
3037
4773
7554
9626
1010
5123
9732
5296
6945
1454
3476
4651
8007
178
3271
6342
8423
5021
4624
3304
5867
2156
8378
8127
3449
8815
3215
8974
800
9097
6431
7705
1523
598
943
8276
7921
7119
1491
2039
4235
484
7838
1442
5679
1608
4079
4161
8368
5333
9132
5709
8131
9602
6017
7895
7387
1246
8118
9608
3694
750
5973
8404
2570
3118
1954
2103
4119
667
5096
9521
4898
3327
5865
8518
7716
9038
7909
9692
8210
104
1737
278
5986
9044
2509
9996
2883
2367
2428
7709
5006
9166
7224
1224
5659
1638
9558
8616
2796
5731
2824
1780
5863
2648
4213
6629
6567
3146
4201
1700
9207
6187
2055
659
8836
1351
2313
4254
2356
4251
533
1130
820
8216
2861
8862
6294
5419
7905
5999
9961
8221
3615
841
8313
5560
3074
9374
653
257
5803
3097
5100
7576
2158
8307
850
8479
6385
630
4771
4381
3519
9129
726
2288
6081
7273
4765
4302
5738
4916
1744
7296
3861
9779
1657
228
6108
4446
8851
3872
3555
7646
4842
2603
4028
9741
371
4614
8794
1430
8903
3311
6225
1070
2413
7567
6378
5486
3306
7654
9112
3260
4974
8170
3486
8632
8776
5460
8829
4767
1167
9590
8186
6338
3241
1432
3873
8725
1237
5437
3688
1685
2971
8983
5289
2999
9451
3756
440
2015
5674
9104
1596
5808
6939
9799
3639
5958
3098
8787
4330
2970
4369
2013
3827
1112
3460
8749
7222
588
7514
6877
8784
9837
6216
2315
9455
1711
1604
2695
7246
7138
704
4431
8890
2727
3045
6667
466
5542
923
8806
8196
7599
4244
3358
3336
8649
7497
2029
324
2750
4482
1465
5106
6080
9091
1297
8530
7202
6466
3571
9215
591
4331
2070
1443
6540
4653
2140
7010
6857
2218
3330
2097
7494
1718
8430
2804
8257
3226
9555
7080
525
4904
7853
3183
8192
8483
6396
5086
7952
567
1987
7249
8592
7913
5708
9861
9863
4700
2714
9271
4814
9875
383
1621
9983
3174
8954
3316
2182
8315
9772
3022
4790
8856
9183
9017
2641
2344
596
8747
7021
9712
1849
717
5342
699
1975
9259
4795
5970
4518
8198
1576
7372
2524
5816
2612
7088
2475
5586
9444
9438
3998
828
6130
5791
896
7382
3368
7712
6470
6657
4368
4053
8283
7493
6463
4684
4433
4591
9526
5591
4270
9683
9182
7297
3491
7534
2038
6235
4605
9308
5919
8039
9925
5178
2233
6696
6402
913
749
7233
8323
1729
3840
3497
8629
1238
4123
6299
3797
2154
4741
4789
1880
6136
87
4766
7111
6993
1308
1483
6061
7670
6670
6434
4587
3070
72
5948
7009
4654
6060
4990
509
7631
2251
7393
9197
398
8679
1105
9919
4544
772
2155
7932
4861
5211
5901
4977
9986
9236
4316
4969
3381
25
4596
5105
8945
7889
9568
2430
3524
4854
7461
9620
188
4306
5403
6569
186
1652
9959
2728
9566
6901
8394
3054
6950
9836
7633
9717
44
4573
7391
554
7298
8001
4532
5356
8466
8919
5344
3749
9401
5367
7935
3850
4313
1487
964
5940
2798
3999
3899
4524
9830
6311
4504
7468
4264
3902
131
7433
8387
2725
3249
3122
6554
4701
1694
9738
8014
3417
562
2821
9573
4910
2011
5553
121
2130
8326
139
9920
4396
4954
4252
2121
9798
4779
795
3907
2393
405
3799
3982
3341
6084
3557
6304
9366
6035
452
282
4273
4345
1551
1941
8866
2954
1796
34
9829
5543
5020
1607
7302
3279
8656
2112
3649
8670
5027
1017
5616
9695
7811
709
740
5247
5230
5060
5217
3051
76
3562
9644
6258
1882
6045
650
3658
5595
4424
801
4586
2801
6247
4812
4097
2755
3438
5188
5116
4726
6379
5620
8821
9175
5632
8534
6392
777
1538
9904
9736
1642
4506
2835
4004
8266
9514
9960
7028
1229
43
4435
4819
812
6459
4565
6380
8424
3428
6110
3463
5887
7885
4735
7444
5162
2504
6320
2596
8191
6618
8795
2418
7255
7903
7945
353
3319
6565
4688
2600
3071
1934
9481
53
6873
8021
8834
4305
1854
8710
9016
3522
8369
9452
998
4098
4012
5409
1627
3963
3636
8219
2827
9136
9859
9824
8634
2995
2152
4018
4744
8111
1905
5804
1093
9058
8630
3610
7490
2071
7666
5512
4947
5255
3955
928
4055
6364
6428
6988
2566
8628
5976
5815
6578
6382
4057
8552
2501
1892
2416
6154
8041
3150
7910
4696
5198
3667
8228
6477
5638
122
8509
5065
4983
370
3455
1440
187
279
8767
1374
6290
2822
1408
1171
2294
4612
9304
9181
3697
7793
6082
632
5544
4087
5964
1328
7197
7168
9818
4249
1732
1463
7956
1704
9876
384
1488
1534
4600
9036
5880
2770
3721
6094
6763
7918
8897
8399
2966
7232
2098
8302
4650
1757
5870
7718
5634
9541
2383
1316
8298
2935
6252
4881
1064
3875
296
4051
2854
9507
9774
326
6602
5205
7460
5931
2180
3149
4797
5304
4574
5517
8069
5598
5590
5389
2450
1007
6552
7463
6011
5098
6860
1322
7030
8554
9191
524
680
7995
3776
2219
33
847
7098
4820
4361
5670
4714
3583
2462
6931
5358
7717
1048
7200
6886
3706
2151
4562
2317
6982
7872
8896
4897
2328
5643
6401
2508
4470
3077
8234
6476
4635
2347
5264
9050
314
5048
8827
3398
8333
2477
1331
6929
535
971
3085
4043
4821
1755
5896
3531
3601
5795
8699
4558
2045
5134
3733
4810
323
39
4412
3811
1077
4674
4423
3962
136
2245
989
6729
1200
8445
2597
2902
8080
7888
7772
5824
5875
1989
3213
746
59
7188
5706
8122
2464
63
8788
3372
9529
4727
4540
9847
2682
1631
6861
2817
9592
8868
7953
8054
1936
8621
1721
3219
865
2900
7301
9270
5154
1149
438
4026
7994
6270
4899
1220
1511
8712
8659
8117
6749
8553
4672
4550
8540
7141
2795
2264
9415
1722
5224
6355
1723
6582
6751
2536
9929
7923
8239
2858
8040
9225
5204
9730
3103
7117
7470
8389
9477
3194
4088
4414
3374
1778
4204
5315
4628
855
3407
5861
5287
4107
6786
1080
1226
9701
1623
2720
7723
3248
9844
3268
9164
9809
2446
321
8882
6149
6419
9910
9531
8971
7736
2125
7383
8911
5888
8109
4604
5550
3185
8395
7617
7181
5387
1242
9690
4869
6067
1185
3918
4876
4294
5382
2918
7386
9636
9127
5169
5813
4890
9773
3366
7860
3066
7966
2150
9627
379
2429
4262
6634
1161
7464
6141
8321
9667
7076
48
9299
238
4452
9613
1794
2812
2856
229
3492
5974
2580
5359
6512
8947
4536
1912
614
5998
8349
4798
4478
569
3664
7831
1114
8729
8419
483
3572
1000
406
6713
9454
9101
7986
4070
6586
2688
6783
7008
9248
330
9212
7707
2730
9342
2321
3866
3932
3837
5295
514
7520
7390
5013
4211
26
2081
5905
7394
2818
5555
5447
5261
7739
773
3716
2223
2664
7139
8535
6421
4807
8835
571
6924
5607
5151
6970
791
3566
1123
7023
7566
2516
4933
5686
3145
3485
8460
6001
6536
7894
9313
3283
2314
7263
8506
2589
8217
6852
1922
972
8013
3450
2784
8401
3870
3779
167
1546
7517
690
6256
351
277
3056
722
4035
4878
6357
9780
9336
2322
2584
2032
2496
3318
3585
8417
5471
4566
8325
3753
9420
5847
8544
7196
1958
3151
9523
670
6742
9834
8081
3922
8138
8376
6245
3723
260
9386
419
4402
3026
618
5890
5757
3188
2834
6851
8261
4001
8965
5235
3926
8481
8362
2653
689
9377
621
3693
7137
8434
1956
1392
4748
5541
8545
6201
7425
8811
9576
7941
6643
8031
3884
9944
7001
4978
7608
3484
1636
9171
1802
9981
9011
3951
4938
3920
7259
2256
2899
5991
3305
544
4178
7217
32
8591
8335
3914
7126
2443
7307
1550
5163
8330
4489
4450
517
9080
5692
7265
6739
183
348
6028
2915
5201
4118
7376
1055
962
839
8491
3816
8989
3584
2974
3511
9571
7529
8209
4999
3378
1639
515
4661
5834
2141
2482
9094
8238
3852
7156
4844
8624
5547
9987
6359
5545
9243
7585
2297
7160
6642
1994
4228
7809
5733
4626
8563
4848
8183
8839
8173
4965
9054
8769
9067
9305
527
8084
1927
3157
78
6815
2694
2658
1414
5044
7213
683
2514
4321
6581
8431
8154
1475
6891
38
3116
6558
8874
4318
3383
1152
7241
6566
7344
4336
8846
8681
8785
806
824
1670
3582
6449
7450
6052
91
4802
1450
2579
6592
8522
3323
9807
6961
9188
1923
3110
1903
8360
827
9618
1632
2487
3826
4508
7850
6913
7933
6977
5701
7270
2161
1335
6854
6758
7883
2638
4363
2573
3808
7299
3339
8693
7570
3426
5042
2093
9479
604
5756
6002
7828
7252
873
6848
9587
7174
7573
1834
2208
2947
9991
530
2037
5666
1951
9295
8336
9879
1109
5689
9238
2660
6325
2938
9049
5421
3544
5685
7323
3905
6231
461
2319
1158
9504
2618
651
7802
6866
5511
7591
7089
6205
7346
5521
8756
3814
6138
8692
7247
573
2592
7950
625
6672
5051
3575
7937
2053
664
3328
1879
5029
8617
5355
656
9223
1978
6593
5202
7208
1088
6595
6384
597
8895
918
9077
2985
2924
3396
6347
9540
1002
4103
5340
7912
9519
5871
2930
2269
6666
5513
5099
1808
1172
9999
673
6305
7093
1095
792
823
853
7095
6551
565
3301
2023
3921
8435
4016
572
290
5455
1554
2181
1696
9990
55
874
5061
4645
6417
9484
2609
9466
1428
1219
5676
6496
376
133
311
2280
2362
1965
6923
4610
7587
2074
4077
2459
7619
2419
151
2723
8412
338
4106
4719
8938
4301
5982
8736
8149
5809
5035
5764
7081
2959
1182
6776
2710
8745
8311
4841
6662
8083
8270
6236
6065
146
8340
3678
1355
7124
9117
9651
7844
6178
7186
2024
1799
5630
5129
1295
9849
1147
2513
5039
7414
2048
5740
7480
8798
8178
9151
2126
1265
1313
7978
561
6764
6196
237
1644
5309
5660
9441
1953
24
4141
9321
7822
7671
6714
9139
9918
2104
4903
9687
5036
9041
7185
3935
579
6422
9291
4763
1979
6590
8766
1725
908
7834
2425
4279
4224
2651
3415
7687
1552
4444
280
7324
4130
4952
4253
1629
657
7726
5646
4857
3214
3413
3227
2461
7502
8079
4245
3623
56
8505
3038
901
6371
4866
7475
8660
7426
3088
2922
9276
4494
8420
9591
8574
9965
6332
2186
9060
3027
6757
5628
3952
4780
7182
5883
4630
7569
5283
1935
4709
9404
6529
6265
7801
3593
3829
8103
6773
8598
2391
7768
9814
5992
794
5088
1445
4867
7385
9218
5693
1752
8377
5478
9654
7893
6163
7823
6845
1691
7898
3506
470
6159
3124
3135
8508
2266
4214
4373
4342
2229
89
1031
3360
9309
1931
7881
3184
3802
2417
6897
3523
4935
4281
67
2376
2298
422
6679
9263
6053
6661
2840
8888
412
2484
7611
1674
1154
9976
1772
7364
8537
1256
7588
6039
3857
6450
1103
4534
3343
8174
4153
1502
45
4956
8
1693
732
4234
102
2431
380
5226
9359
5819
6804
762
2746
1157
7178
3898
8195
3717
9731
4036
1163
1986
2518
5183
8650
6162
3275
37
8635
264
1907
9700
6637
5363
3917
7500
783
1997
7845
7764
7770
2243
1818
6868
5965
2963
857
8638
9249
6032
6101
7090
3288
3431
9882
3882
8220
6695
4166
3702
9209
8694
5694
4815
7561
6255
2050
4278
4577
4052
2164
2896
1726
8071
7813
8120
1561
7963
4074
6487
148
5599
2913
1536
4665
5147
5218
3725
7203
4067
9674
4333
6978
3047
189
1277
9928
1740
4900
6700
541
3402
8878
7491
9839
7420
5085
3477
5357
6596
8038
9176
2606
8942
9098
3663
9723
9024
2574
2635
5585
1026
692
9939
1902
3451
6070
4919
5135
5017
1977
6789
1540
4602
4585
9588
442
3953
545
666
9030
9657
7820
1347
9193
3576
2846
9570
14
4794
4733
6479
2080
9940
9457
1455
1420
3910
7369
8782
2844
965
9905
4743
7816
9458
3587
8386
7581
3321
4085
2096
2872
5314
7220
9615
6550
1620
7800
3530
2278
7289
3600
5089
5719
1660
1474
2258
4500
8548
9631
5619
7019
7689
9713
5339
8153
4240
6016
2758
2616
129
2539
9899
2122
207
9256
8930
8273
5526
8802
2133
3683
1714
2640
6026
6966
8052
4066
5859
4936
7808
7658
5730
4232
8899
4831
5910
4543
8849
5509
1469
6460
5712
9419
8348
1467
1843
6234
2857
9370
1367
2562
1961
6069
6880
1115
7381
7401
2270
86
4980
6585
5049
3849
1282
2273
6919
7984
9162
7779
5449
1661
9747
3901
3442
1835
8288
6111
8139
922
992
2535
6006
705
1782
498
2983
8334
9284
1326
5995
8716
4940
3427
255
3650
1825
6494
7774
9394
4757
6572
7499
1324
835
6606
6969
8814
7505
8499
2078
787
9311
4507
7343
7858
1527
3112
5588
3365
3578
3560
7103
8310
5324
8645
8158
1878
4195
7961
1545
9950
9858
6088
3231
7462
2797
4266
2521
4988
3594
668
9450
7652
1271
1235
4312
1594
5383
9782
5531
3659
1952
720
9653
8144
3162
7227
2316
4111
6439
6862
7269
7762
215
420
3141
2338
2420
9528
1760
4690
6762
1601
9621
648
2137
2530
9232
3539
1117
5266
6227
4613
9494
7238
9323
9913
9203
610
5414
3057
4888
7190
5223
7679
3254
3004
2748
9427
181
520
7773
2451
8457
9878
6505
9823
5975
8586
1233
5939
2679
6911
4943
9769
7968
9826
9805
2593
6515
2144
7465
4207
3199
465
6170
7012
2826
8229
5855
388
6043
437
1783
6352
6076
4647
6677
7855
2757
8927
2866
4915
2109
2968
4060
932
7218
4670
6948
7133
7869
1160
4068
8607
8596
5856
7694
3239
7732
8901
1708
1976
2041
2016
5104
8447
2138
3769
8010
242
3201
6639
1231
4849
230
4664
6186
1556
5285
7867
3735
6535
2057
4513
5519
1239
3541
6737
9536
1634
6894
8028
4058
3874
9867
7108
5533
779
1736
5397
2379
2803
9
8145
3220
7589
8664
7531
1197
1795
4962
8641
866
6044
2668
9001
5594
7715
3895
8887
7564
2644
8177
4582
6293
1058
3446
5913
7315
5966
3750
1292
1669
8778
7580
4816
6260
9886
8605
4758
3736
4231
5466
4975
1050
4037
1170
2494
7758
7169
1398
3371
7368
142
9632
2339
3768
2659
1814
3573
1697
8094
6647
9546
394
132
5071
852
5570
6041
9145
9662
9862
4209
1472
9303
7842
758
5909
50
909
8526
5215
9351
2185
2493
8416
5559
1682
3666
2760
2115
4675
3434
5301
7336
143
2300
2332
6928
6663
4525
105
6622
7882
4568
1831
1478
3104
6635
9110
9072
8774
9070
9688
4292
3390
3106
5112
328
9936
7271
4717
6837
3806
3836
3715
7322
4930
5330
5137
8275
1411
6315
9776
3834
8636
6985
1196
1490
7229
4490
372
2873
6553
2565
8959
8187
9346
7693
8381
6403
6747
7431
9522
1968
7157
5624
4739
8085
8551
6492
2006
6801
9108
5683
5463
5623
7264
9655
4307
9408
7686
5351
4355
3807
2336
5172
7843
3766
301
4005
5440
1739
1589
8367
6190
6160
6797
2177
4925
2782
511
2435
414
2094
9031
3140
719
5655
2176
7524
2027
1053
9639
4608
1622
1122
8391
1919
9389
9221
691
899
4679
4322
1876
30
3619
696
6257
7590
4390
9130
5427
7653
9771
9383
7039
1255
4147
4640
9337
1065
1300
2558
3105
9281
7288
7250
3703
5532
6177
9812
1275
7362
848
251
4583
7177
9802
2926
6461
3284
5505
9994
5492
1904
7050
9137
633
8503
8011
3701
3258
3153
7911
7556
4062
166
8789
2287
4486
1439
7016
5234
5571
7916
6960
1495
2395
3240
6980
6703
6103
2772
5171
4157
5812
2546
3299
6968
8255
9131
2802
6309
6297
198
8194
8748
2944
4629
4248
3843
4366
7018
2217
8858
9923
7595
3848
8812
5713
424
9857
381
6701
6426
8456
1646
5000
2114
9022
3090
2575
6884
9842
2026
5806
3493
2577
5639
3845
1916
308
9159
9544
9585
2814
4850
7597
5231
8663
6949
3245
6500
7397
2556
2882
5717
7210
6109
5495
3886
7974
9895
7162
8212
5015
9118
2756
286
9149
8577
786
1705
2196
892
7568
2460
5915
9691
1614
6474
5562
3018
1998
4089
7267
9874
5839
8051
108
804
818
4738
9710
4827
7931
9750
3745
5523
1253
4703
3984
6158
7318
7760
1530
5644
1462
2721
4666
3021
2919
8169
3113
7046
6720
8625
6241
5244
727
2471
7819
4027
5448
421
9537
10000
4364
7292
6344
1332
112
2262
4354
6229
1261
3083
2325
4636
4219
5830
8520
9224
2102
6547
2427
6724
7948
8527
1319
3128
8754
7121
7314
3400
8165
3131
5401
7662
2851
888
6889
3786
138
9817
6810
6785
1889
5854
584
9866
8560
4839
9722
9173
8064
8601
2969
5715
1288
8402
4432
9349
1317
8501
2689
9144
4092
8599
3764
4523
1284
5167
7837
6771
1166
5063
6195
5621
3903
9111
3613
8653
3674
3352
821
7521
7421
2473
7977
9414
5090
2752
7245
16
7131
7283
4110
4967
1260
441
1012
7116
7445
92
2236
2852
7579
258
4314
6220
1943
1272
1826
7221
5406
429
9307
2354
2342
2920
4595
5611
5354
5668
1613
881
7550
5209
6092
5748
4492
612
3100
7555
574
5237
784
7065
6914
6217
7825
9503
8857
1891
1085
1314
9569
71
9409
5729
62
2226
5696
9647
2293
7508
3969
2823
7489
9624
5763
8579
7767
9379
3345
270
3012
7059
299
9656
254
1273
9567
2479
5316
1701
609
1497
9385
1592
3707
1676
706
7519
3727
6455
8359
2465
8931
8762
8840
7640
6232
6690
6318
2047
6209
6539
1803
2805
4498
2004
4285
6277
6743
6176
4950
2084
9815
9933
5124
1485
9846
8737
4181
2072
2404
6317
6197
5076
4417
7366
8741
8848
8375
2183
5395
6871
500
3520
8231
7900
6909
1496
9530
639
1728
3713
3975
7380
2311
499
5277
4017
7542
745
3925
7612
3139
3792
9406
2531
2588
9143
2859
1600
387
7230
4071
6497
3942
826
6226
4520
5528
2605
4054
4957
5435
9317
5798
7509
5539
8542
8898
52
2228
9942
4376
7180
617
7347
6835
506
5093
978
7311
7025
1457
703
6230
8589
4712
1574
9146
4357
130
5352
2442
5705
3129
7622
5601
3209
6087
9914
3965
6834
8317
6120
7094
6922
3108
6022
3457
5882
8115
8918
3528
4421
3197
357
7638
2145
9250
1617
5587
3297
3729
6527
5462
1092
4687
4462
3979
8512
2839
760
7962
7359
2307
3437
6329
5951
300
2202
5775
2962
803
7914
1421
9230
93
675
1306
6603
5971
7598
3726
7278
5702
2240
1719
1845
9095
2197
9575
8090
3696
219
8875
9335
8413
4546
287
4297
3847
9561
5489
2686
9045
3759
9665
4882
9606
3443
4042
7714
4411
4196
8962
1014
6075
4202
7667
335
2607
9881
4198
8583
7145
309
4124
9148
5392
2960
2843
626
974
1011
9475
8107
4185
4607
8804
8932
4927
5353
1949
4329
1194
3534
8072
6499
9020
4289
7724
7708
7515
3695
6413
8654
3692
9781
3789
6838
6275
212
3156
9495
1341
6429
5114
5052
8669
583
5418
4924
7761
4722
6728
1765
7101
3743
1021
4226
3073
7048
1481
4370
395
5034
1247
7586
3860
4968
8293
6324
4953
8640
1578
8949
2470
6608
8473
7041
3862
9525
1774
2967
9329
6472
7189
7286
447
4365
9547
5515
7698
3609
7710
3514
3863
4454
3132
5405
9156
616
1745
9278
5197
8397
1688
4218
6691
7530
306
7840
6145
3888
7982
3099
3453
6037
6303
3011
8497
6280
2403
3387
3567
707
5424
4644
3436
2601
9272
10
1356
3828
9014
6453
194
1609
7852
2244
283
7399
6994
9079
5510
981
8181
1221
2424
8576
7281
3134
4747
1022
8765
9565
6090
3081
3010
7536
1898
1098
2928
6292
2685
1512
5688
7262
728
6892
436
6271
7498
162
5488
6723
7158
6124
9649
4625
4510
6900
8086
5640
2205
7411
5236
8541
2107
5391
3742
9100
8433
334
225
4405
9122
8790
8421
775
9048
3972
9979
7999
2988
8674
9051
8689
6071
6986
2590
8609
5525
1871
1710
9367
6456
6579
2754
221
8590
7031
1628
9998
415
8759
7325
5254
6405
4073
8126
2848
7871
6063
4528
5312
9391
3265
9767
3825
8351
123
895
3710
9375
5663
248
9063
18
8652
6363
1906
9851
396
5446
9124
3605
4843
9594
5328
8582
8680
3791
9314
6990
4200
7051
3382
555
2291
1148
6098
7749
3796
9906
8783
4879
4113
9562
910
9473
6288
9056
3783
8995
7851
8566
4845
9766
9268
367
6583
8500
9280
6839
3604
6562
5536
695
3640
4615
2617
5155
8593
623
4606
4555
8168
6360
8580
3092
117
5961
2849
1807
304
1715
2374
643
6604
9595
8905
5790
3489
4554
5671
3589
9822
2943
8292
9062
3005
4146
7621
3259
6963
7807
2672
8992
2615
1969
2647
4496
2022
2739
5677
5751
9302
2456
8713
2673
2555
9274
2329
1828
9989
3376
9277
5221
6161
8166
1499
7478
9442
937
8690
6721
7152
4045
976
8807
8024
3813
7655
7321
8281
5493
3480
4309
6827
3830
4609
3657
6859
8297
4996
7403
4658
919
3507
5271
4932
8070
8454
5308
4416
3055
4541
7795
22
3206
4529
578
3824
6478
7395
1573
75
231
5502
5997
7275
513
460
4642
4175
7129
3276
4527
4263
9157
9273
8193
7993
6648
4961
3409
5903
495
6207
9120
5378
3207
2062
6802
4752
1492
5246
930
6377
3313
8093
8006
735
2657
4272
2173
6800
96
1168
8091
1333
5156
5884
526
9699
5444
8244
7780
6513
5734
1562
2409
1223
9911
3665
8119
3046
8768
8925
9765
4323
8233
1944
2168
3529
1268
8709
6780
9552
5055
1258
453
2771
6345
41
522
8343
2610
5968
9093
1522
332
1190
4319
939
5004
2390
8442
7526
8764
2633
8469
6864
3049
5187
995
8341
392
2128
7339
1129
4112
3626
3651
887
8058
8365
5320
2749
3625
8980
1435
3178
1712
8446
5984
3125
9728
519
6850
3204
1743
3447
3317
418
3138
7748
6959
2069
5384
3498
8032
5252
8099
5073
1548
8684
7104
678
7055
7371
8332
1633
5050
425
8536
6920
5498
7457
7413
8939
7769
6881
3900
1966
9778
6501
4308
7132
1563
8719
2670
9599
993
6665
934
1413
3879
1091
1386
7955
222
926
3291
7817
88
547
5725
6830
8296
8916
2628
7036
8904
5967
6548
99
3599
9289
9140
204
3751
6524
7067
611
2007
1939
9889
8406
1571
7118
9682
8205
4024
6244
3059
1039
8623
4315
2998
3096
3111
9883
3945
8019
3
9198
9354
9978
8913
1082
3543
7886
1793
4495
4148
3349
7024
7746
7199
5080
929
3273
3894
7123
7648
2864
2783
467
538
2095
1635
6725
6887
8312
3257
5153
872
1286
1451
6238
4303
5011
4184
1195
3833
3621
5981
1542
5068
3994
6166
176
9267
2445
2086
2936
6798
536
6179
8956
6943
6223
780
7211
2732
1208
6989
155
205
8525
4404
6415
624
6833
9472
8254
5614
5843
2167
8068
60
7485
9680
7892
5918
757
4713
5059
5219
7592
1498
1283
5826
6507
844
6433
7812
7991
7803
4656
6009
3177
5084
9735
4663
1581
5404
8102
4692
5952
2449
946
8908
5364
3669
904
491
4676
2897
4618
4397
4326
346
9761
1756
2912
5192
2215
3117
6284
5369
9941
8477
3992
5779
1918
644
7577
1397
169
4706
4091
1248
2030
3404
7458
2309
1942
7
7060
4788
5115
3577
1281
1422
2123
8558
6126
715
9502
7486
4075
7256
5873
3906
9902
3172
5431
8923
5010
7206
7484
9382
6717
4387
4334
8531
5069
8993
2241
6625
3892
7440
9339
9340
2691
9634
5747
233
7127
6118
8557
8588
8984
9984
8985
3869
9896
2808
9073
3938
5037
4669
9724
7605
8148
1329
5938
5745
7832
1353
214
9746
548
5534
6446
382
1626
3536
9440
2929
5703
1645
4746
1071
4982
7735
5228
662
7546
595
226
7419
6876
5374
4162
7628
8035
5832
8163
6654
8363
7791
8407
5768
1603
7917
7022
2973
7437
7727
150
4531
3930
1375
5580
4474
1957
4401
7552
9612
9670
3542
1640
4151
6498
1960
427
2526
3192
1019
9396
9947
3559
7396
5518
8910
6705
1382
5317
5168
8627
2931
3300
1473
1006
4317
1215
7685
6910
3765
8408
1403
9296
7086
5323
7064
7957
9154
4710
810
4090
9856
3481
1813
6452
1717
5820
2211
3936
8309
3405
7776
7442
9384
3082
6376
6979
2474
1805
6822
1781
6987
2397
3672
4298
3295
2534
4291
9469
5095
8379
628
5361
4835
8023
9262
781
1072
4868
6122
3817
6254
1028
8267
9785
8422
6829
702
3292
9219
3839
5018
4895
3439
3033
6644
7337
7068
7446
5381
797
3158
8519
9831
868
9196
6816
2661
4343
3389
6784
6938
4461
9517
1915
4809
9640
5469
217
7750
3420
2203
3510
2018
7571
8711
5912
2886
7805
1606
5157
9512
700
6882
9693
4829
1767
4114
5551
5499
2488
4750
2457
2548
6621
8345
2432
4094
3006
7277
8314
4299
5262
1027
589
893
4918
1584
2890
7810
980
1930
2850
1735
7274
3302
4131
5005
8665
1513
7128
2992
4551
5879
622
1974
6146
4290
9600
6972
7951
4403
1125
2885
4059
8322
5858
4837
5408
4436
4491
1858
4145
247
3927
3411
7543
2568
665
128
8555
486
6825
9327
5294
4805
6034
9737
5783
9901
8751
5605
3272
9661
1370
4683
2295
3230
9518
1751
6
6192
9617
2865
1393
7020
3205
4065
8289
8372
9202
2308
894
7435
6934
3076
1054
4056
1770
9811
3787
352
8521
2788
2745
9533
3357
5345
5227
9825
2698
8262
5442
1844
2054
6971
1785
5120
1159
3746
3708
1565
8303
6171
906
5752
9607
4258
1037
8957
7683
900
3309
5269
6387
8979
2468
5429
7073
6752
4576
8371
619
6951
3462
5176
9756
5332
6221
8320
2253
1766
5596
6289
1681
3722
6688
374
3211
3333
5942
20
3981
6383
4121
6761
4183
769
7040
5206
6767
8703
4874
7835
6246
8801
1354
3084
7006
6131
9623
5720
2706
7142
7593
4406
7332
8098
5744
5415
5786
6164
8958
3102
3698
249
9496
4505
7979
7987
497
8096
9563
3091
2160
1307
6486
3684
6769
830
5439
4902
6208
9763
8467
9921
5787
8539
3977
9800
553
1759
3458
3229
156
5087
1741
3408
4964
245
4804
1285
8611
1447
7195
8287
9103
6706
4553
7919
3871
3517
2665
8448
5846
8114
1090
1181
4006
7784
2747
9378
3680
9948
6683
5506
3668
179
4484
3512
5852
2421
3164
6144
3233
2533
3614
2961
5445
7549
997
6132
6008
8964
3823
605
528
8425
6521
5079
3454
57
1824
6388
2925
4257
1823
9993
3682
4003
2398
4533
6295
6600
4858
7607
451
4203
7975
2165
3704
5127
1529
9835
6770
4049
8272
4711
9744
2108
4194
7295
6898
2572
9092
8723
6787
6423
6765
2581
5844
9900
8265
1294
9009
227
9199
5899
4156
2335
8256
2578
180
4979
2701
7737
1323
1192
8237
6655
6029
182
3155
2458
4096
2733
2014
7731
1776
5142
6172
8595
5652
7350
3016
2656
2334
9916
4041
4191
983
9758
819
871
2276
7547
2544
5433
7282
4177
4762
344
3470
3119
5263
6298
444
4359
9074
5193
8106
4022
3148
1610
9158
2711
9988
5366
223
6843
3000
4160
5650
3351
8779
6469
2370
8666
5494
1068
7472
7467
1727
1249
6869
7639
5613
4137
2455
5897
4801
261
1792
177
4993
3296
8002
543
4913
4729
3441
3660
1230
6021
9582
2787
1963
5212
5170
1365
1199
6272
5785
7964
4860
3186
1703
1213
4646
6312
7454
2324
3267
7215
6649
7759
8867
9853
2099
341
9373
3552
6116
3063
8920
8573
902
5750
2630
2423
6212
7004
6341
6588
8108
7874
7148
6675
4917
8171
4987
3069
7523
274
4455
4833
6514
557
8471
6878
7069
2499
9052
366
4560
253
6684
7596
9955
6719
68
2049
107
2283
1119
5636
2067
6676
1377
7786
7150
8850
2399
883
4014
9279
5573
6962
5576
1738
9461
9439
5275
5102
6259
1504
2621
3422
759
9957
8403
3173
116
3094
8474
7856
428
7981
9253
5453
6883
8615
450
7540
7179
3670
5428
2116
1034
6734
5589
8612
9885
6819
9055
961
6659
7730
195
5229
2753
4787
8602
8996
3771
9233
200
9027
1035
4325
4928
2769
445
3928
3846
7365
1980
5067
856
5698
1387
5704
8688
6933
6443
3161
9971
3777
6955
2510
8637
168
9583
6746
5610
1863
4144
9107
6808
4724
8490
5038
2392
3580
5484
1868
3017
6395
3570
9113
435
3944
4784
2684
5278
8042
273
9252
4800
8926
4725
1599
6085
5661
191
4778
2035
708
5944
1709
933
1771
8316
9464
8259
5603
9445
7078
115
9516
7826
5491
305
8436
7377
8075
140
9985
1683
1493
8510
5508
3280
6442
8797
4108
7702
739
4948
5239
161
1340
5735
3250
635
9211
159
9873
6733
1559
3312
7757
1404
9023
7207
4158
788
2791
6858
4885
6576
9485
4287
285
1320
7632
6614
8735
5535
3274
7942
6340
7453
9033
3800
5928
729
6526
27
9134
7209
4168
2700
5243
7290
8185
4188
6599
3247
1060
885
1539
3603
5618
1391
9488
8667
4362
5379
845
7859
6180
7647
316
1410
1734
3329
8891
3748
8121
8214
7620
4063
4408
1043
2991
834
1525
1925
6199
302
9185
94
2169
4955
4288
6927
3483
12
4419
725
8352
6687
9880
1207
5058
7926
7476
2879
2497
7438
8909
1541
9648
6568
1553
4352
8488
1376
2550
8207
1380
5869
9551
7054
5334
6842
9399
9762
1067
1189
2489
9638
272
4377
6150
7775
7287
1186
7308
5864
7430
4311
5293
9326
8872
3435
2773
8055
6346
6397
3208
239
3167
9871
202
3143
1763
7862
7374
7272
6024
9605
9539
5256
1860
369
9047
9204
9501
6139
8200
7557
3468
870
3551
1672
1069
2175
3505
1655
5578
6020
7553
8528
7375
2775
5622
9932
7753
4526
6538
2587
9019
5851
5166
469
9393
9283
7615
2248
4693
8937
9213
2143
3518
3858
2719
4637
8132
1618
8885
2724
7804
2142
2292
1183
606
4280
663
3631
410
459
5781
9460
9266
5900
8382
9376
3034
6481
5126
7678
6577
7641
9840
9205
2135
2296
2384
5158
4818
6484
5257
2279
5139
4883
966
6488
3222
6287
7890
7000
9584
9413
3355
2447
9428
8384
4371
534
1139
925
7268
6019
6253
6237
5138
7967
3181
811
5642
1089
1564
2426
6267
1586
5842
627
114
4115
8742
9679
2813
3482
3947
458
9491
5319
1389
5180
2551
8739
9418
7934
197
9443
5925
7193
9577
5436
8853
4803
7096
2000
5303
2146
224
9721
5762
4823
2
3967
5326
2778
61
7105
2666
4176
5894
1510
430
492
3236
15
9995
2222
3388
9432
2060
1663
5165
1303
2184
3068
4208
8383
9912
9282
7330
927
402
738
4212
2972
3147
5743
2604
4699
4691
6790
8468
1097
5684
4716
6286
80
7003
307
4392
1798
8464
2187
2538
3354
2268
4445
9848
8295
196
6534
4685
4477
8928
5025
5368
6373
3159
8048
2380
2408
7038
4138
2622
9348
2939
5754
7456
7481
1654
2790
4671
6005
1372
4409
7333
172
3624
8943
1786
9719
808
3065
1057
3948
6014
2372
6167
2375
1535
9783
1029
1036
6033
1030
7291
5922
9819
5032
3859
9285
6778
9002
2341
1013
2075
3712
2064
9275
7682
2089
8902
454
8727
2591
9180
5322
3050
3200
9968
944
3160
2765
9195
542
7134
7205
2454
2709
3612
4082
2132
8095
7244
5893
9497
1193
1005
9227
3001
6390
949
6888
4140
7636
9316
3362
8092
1988
1001
446
6768
3423
753
4460
3885
1165
5681
8147
1244
9578
2002
5009
9194
4970
6753
5953
9398
4958
778
1909
7927
1250
807
9046
7149
1298
2091
1928
7624
6632
7696
479
4476
4351
1489
8912
5199
1605
5464
8507
1544
5412
3976
36
5329
322
5934
295
9004
6148
2781
8830
2789
8730
1557
2503
7897
8975
2001
5251
343
5711
5648
3537
9671
3949
9625
9150
4265
1156
3788
6274
7306
49
697
1985
6682
7033
2405
6992
840
4502
170
5496
8440
3553
7516
6370
9652
2466
8405
365
9810
733
6777
9400
9352
5507
5665
9917
5385
4853
3466
5350
7053
6543
9078
6944
5926
1789
8517
1417
6046
4926
4483
731
5673
4517
7863
6502
4084
9115
4929
9506
9350
1383
880
6704
3747
8960
4516
4171
8453
7936
5113
276
7703
1449
9086
3262
5645
7326
9676
4590
1222
8702
1836
9217
13
1842
9977
5291
4973
385
5232
3893
5972
3778
6296
7496
2527
8427
7973
3310
6998
2613
4694
3270
2250
920
634
2525
4380
7789
4549
6605
5849
6218
9433
361
1569
3864
8675
9287
3176
7335
345
9448
5019
8817
2646
5426
1066
4864
9242
5125
6636
9642
8842
5726
7616
9725
4275
3538
4734
4304
5041
3878
3881
7929
747
3985
3294
1800
7327
4134
8603
4921
9216
7173
5774
3943
3620
3421
5784
2163
8489
1500
8242
2153
3754
4620
6185
6165
3079
5921
5313
4379
7681
109
7225
1815
2366
2440
5627
4338
4388
6744
4756
4349
9898
2284
3990
243
6374
9371
9187
3255
3655
3212
7434
3363
687
1020
489
2299
417
566
1040
8017
9425
6038
482
2979
3031
8278
7071
8678
3403
6263
7798
9611
9580
1992
5759
5898
7854
8978
7794
580
6096
8585
4120
83
4855
5186
7548
1675
3495
8037
3232
529
5633
4083
5933
816
6375
8449
6730
6184
8308
7466
5837
9325
5977
7066
7216
40
8361
986
8199
7765
1575
6464
3803
2994
7583
6610
4481
9246
4830
1790
5954
2927
3473
7161
1038
8761
8940
4256
6748
7176
4033
2708
5728
8156
8284
698
2863
4261
6709
8620
6436
275
2699
1459
9997
7112
7663
184
185
6542
5818
3095
8018
6213
2582
7405
6451
3465
4019
4870
203
5838
325
7242
5667
7691
6619
9015
220
8809
7418
869
2148
7228
8146
8622
271
2997
6040
496
8034
6490
5983
1416
8515
8977
4259
1482
1301
5119
9559
7954
3652
1476
7474
320
6400
399
2868
8671
7294
1853
7143
9794
3801
6194
3264
5662
2777
8486
4559
1188
6003
2033
5904
7920
8884
7796
5860
1079
1364
5606
851
4443
1914
6211
3595
2626
1124
8559
6964
6327
7392
6726
7034
9388
3617
2444
5772
3032
1059
1111
5718
1209
5825
6575
1368
8604
2387
556
9061
963
672
9025
3193
6541
6361
8587
5651
7507
2257
5479
8738
9480
4360
884
1982
2172
4011
1406
938
599
744
859
4503
8130
5282
8357
9663
982
8304
2571
8180
9261
1758
5299
5144
7697
6261
1671
3320
9784
6424
2385
8513
2281
1784
6805
3908
1662
6658
5742
8568
9797
9753
477
2768
2816
8988
171
7503
8494
8562
6188
8475
4150
7827
3036
3645
7061
1870
2110
1690
473
66
2800
9852
5656
7035
4514
8057
6302
2838
3812
7408
5465
6112
713
2025
6754
8668
6756
5923
9292
9286
7201
3997
6935
1217
7171
9716
9619
7257
2498
7733
4617
4206
3361
2221
208
7279
3504
1241
2386
3689
8704
2713
959
6086
434
5945
9294
1615
4603
2655
7532
4216
4708
2263
2759
3671
349
8523
8125
1289
4951
1668
1296
6863
6174
4623
5066
8135
9757
6630
6847
975
5375
4772
2199
2875
3767
5943
799
601
6121
6556
4225
9090
9018
3540
1234
8339
2272
8152
9616
2009
1864
712
4775
8822
3643
9949
4893
250
4149
6983
7165
5866
234
423
8388
6598
7728
3838
2277
5110
1707
174
2909
6465
9034
7625
9372
3314
6343
7404
7175
7452
340
7899
5457
2743
2260
4986
9705
8366
3109
7331
3732
798
4128
8721
6958
7879
2887
1666
2382
1733
2235
5276
6137
4170
4448
8786
7675
6106
265
9220
8277
6123
7398
1896
594
5831
3774
4159
4479
9650
5937
2381
8561
4589
6906
3883
7167
3762
9228
2368
7924
3646
3121
837
7545
5563
6268
2958
5450
4440
2905
9751
1832
8050
7285
6522
312
6615
9186
2265
485
2586
6715
9170
1228
3757
9672
577
7721
6818
1684
5876
9675
8443
1266
710
8994
4519
3307
5028
1921
403
42
1184
915
1560
5365
4069
8844
1120
994
1464
246
956
3616
9706
6408
2937
8941
5581
4337
9629
5091
1577
8998
9922
5196
2225
5569
5480
6059
5331
6620
1049
5164
4437
674
5987
3419
1336
3761
6811
4310
4681
4862
2252
3793
3168
9057
9790
5047
1787
7107
8305
2350
1568
5920
7989
7045
4619
5174
5716
1042
9345
7052
8717
8197
7135
5146
1106
6350
9005
742
8999
8282
1151
7074
4247
6091
1315
2201
333
2705
7988
9241
5380
9039
1847
5727
5064
6952
9964
4730
7451
1817
9828
8677
979
472
763
6525
3730
1107
8997
7407
3379
764
4570
550
1137
686
6516
9363
1641
1874
7969
5003
5070
5936
9064
3940
3656
9641
7070
6314
